 "Soil water parameters"
soil_code,theta_s, theta_r, alpha, n, ks1, ks2, ksg,	GWCs, apow, apow, landaf_ma
	42
        0.2450        0.06985        0.01876        1.62297       31.30696        3.13070        1.56535        0.35000   -9999   -9999   -9999   -9999
	440
        0.2450        0.06985        0.01876        1.62297       31.30696        3.13070        1.56535        0.35000   -9999   -9999   -9999   -9999
	825
        0.2450        0.06985        0.01876        1.62297       31.30696        3.13070        1.56535        0.35000   -9999   -9999   -9999   -9999
	848
        0.2450        0.06985        0.01876        1.62297       31.30696        3.13070        1.56535        0.35000   -9999   -9999   -9999   -9999
	941
        0.2450        0.06985        0.01876        1.62297       31.30696        3.13070        1.56535        0.35000   -9999   -9999   -9999   -9999
	948
        0.2450        0.06985        0.01876        1.62297       31.30696        3.13070        1.56535        0.35000   -9999   -9999   -9999   -9999
	960
        0.2450        0.06985        0.01876        1.62297       31.30696        3.13070        1.56535        0.35000   -9999   -9999   -9999   -9999
